3,2
10,102
10,200
10,152
10,112
10,8
10,22
10,138
10,2
10,3
11,29
11,18
11,27
11,25
11,6
11,24
11,23
11,26
11,10
11,22
11,28
11,2
11,3
11,21
11,1
11,20
10,313
10,312
10,311
10,310
10,309
9,6
9,4
9,2
9,3
8,5
8,7
8,6
10,308
10,307
10,306
10,305
10,304
10,303
10,302
10,301
10,300
10,299
10,298
10,297
10,296
10,295
10,294
10,293
10,292
10,291
10,290
10,289
10,288
10,287
10,286
10,285
8,8
8,2
8,3
10,284
10,283
10,282
10,281
10,280
10,279
10,278
10,277
10,276
10,275
10,274
10,273
10,272
10,271
10,270
10,269
10,268
10,267
10,266
10,265
10,264
10,263
10,262
10,261
10,260
10,259
10,258
10,257
10,256
10,255
10,254
10,253
12,2
12,1
12,3
10,252
10,251
10,250
10,249
10,248
10,247
10,246
10,245
10,244
